3837
54293
61834
54467
46916
58310
4440
26112
33186
34133
40287
41245
56517
42462
8825
22373
50275
46767
18866
41563
23629
47296
55704
21373
42021
13732
5975
15861
30303
53280
47070
10879
10048
58228
4959
36083
23682
61412
37296
49835
43431
63788
48118
38574
16646
10462
10844
34643
37696
59141
47872
13919
4047
40841
27889
4934
48746
50813
40457
40261
3015
39245
47187
8845
43499
4830
64068
6499
42431
36135
36878
45467
65210
24625
47795
1811
58102
15563
1664
4681
51049
5305
19893
39419
37506
43902
24652
43336
62494
48507
1671
30735
25161
24660
50245
63718
27483
29306
20108
63431
40280
49549
17961
38993
62739
58279
12627
12451
65216
32565
15855
47278
49852
5020
26042
62364
36162
62281
43129
58282
13410
31157
13731
12084
58733
5636
16873
45423
49129
16673
36125
14644
45327
9493
9460
19989
36106
40677
2289
63048
19458
25821
64997
51440
28077
50441
5106
56845
49085
29442
19257
21101
22454
52562
400
26699
20541
31203
47355
48969
27238
4684
39799
34397
52774
13521
24392
57942
54997
53644
51018
27141
49958
7428
36791
36903
47171
40536
49344
313
22285
18362
59498
27210
1589
8248
58285
15523
32029
30208
38690
57837
20368
54542
10434
27860
37494
38648
4498
15377
56128
4788
18192
49269
6079
34234
3003
50104
8212
20558
58258
13292
39252
7189
8239
49305
17098
54207
22350
4420
10915
52165
29026
15185
28303
15356
23510
30033
4749
53243
34423
4656
26984
1315
23854
11601
26594
45367
51513
25589
47931
3985
18283
42647
26194
17874
22045
57388
7024
26471
25991
38901
13688
37320
17022
7947
40560
1578
20034
33517
46278
59539
6276
48361
18804
3197
60178
10476
41085
31783
2895
38845
18516
65051
23660
38672
3329
5224
20833
14137
65128
56963
56820
31034
50986
672
9832
6768
37023
43282
54365
64364
41314
34003
12499
24616
21582
33653
56826
40635
5815
46333
27354
293
50038
13736
5729
3414
63025
53390
14830
40501
13430
59122
48263
10071
64011
7347
4776
46522
39004
56206
4680
14455
18339
60477
58041
61159
61535
62206
39740
34004
54852
21576
32103
2835
46
62250
55366
8528
42015
60629
29347
63421
24
16587
15438
23123
29194
37643
3015
28196
46909
33223
24064
49638
30695
33492
42092
34712
29513
51842
22929
23663
9411
17922
14614
45027
51318
25405
60631
18835
34575
59189
53371
26993
57793
59156
5949
46330
27276
36647
22455
26900
28321
31272
61025
53498
37570
13098
42163
43397
59553
6414
59230
7018
47638
17379
38280
14600
177
36759
3094
13088
9960
23455
44720
44506
33045
31088
29437
4829
47431
50125
11585
24629
54830
52045
55092
40102
19732
18806
15751
49966
48550
51081
24061
65227
11708
16563
59846
30642
20647
60792
28116
41513
8654
51091
24554
65354
47902
26325
64174
65367
17946
20701
24683
18078
30537
45817
53815
61131
35113
16291
968
39346
53759
54242
16908
50754
6445
58525
34607
63079
53626
3362
59712
56275
32697
32430
31844
7106
21902
22841
42426
54667
30698
63520
35814
9971
28050
5638
21802
33407
50383
64102
62427
2346
28020
3397
37039
55464
28466
39551
4446
41904
16549
59972
41324
6388
56084
20543
36126
57807
55024
25160
43927
2411
5755
8988
14195
47750
19549
53591
29909
43853
40049
63307
15200
40464
39588
53579
14818
53637
34879
44605
4887
30130
14322
23920
48857
33242
56913
24022
37886
1647
1002
26903
9366
6581
8521
14825
31569
14715
18730
27595
5396
50550
58160
60363
8146
34717
26311
18990
34751
63377
25550
64531
20526
34518
60023
11919
46593
13067
38535
41688
61697
25584
33136
22735
55211
43771
7010
51965
41126
58342
11042
43309
58851
61235
53249
21852
33336
25392
34399
44535
62150
7221
40633
45287
21621
11111
59023
18507
39651
51973
6925
44305
9313
25048
7171
36968
46392
19357
19521
1026
16104
50163
32657
32297
44388
35578
49089
31363
32715
24748
57082
65206
58156
25611
40594
39837
49057
32822
23763
35980
392
260
2576
1604
60865
62911
13290
4949
32470
24786
30121
64423
22088
10497
37724
58681
24300
2748
3157
23784
44960
16345
30181
52142
57122
30822
29185
36708
52792
62014
27670
51681
60306
50369
23088
52929
18516
48442
52842
64311
7200
48295
32378
19570
59163
23499
45439
5278
32522
33835
30909
7270
32085
42699
17388
29581
42526
41423
58905
22284
40827
16191
62044
20980
17091
26420
280
2291
50188
45234
52225
43666
7291
23809
37523
32915
34375
2949
9865
38221
21654
36344
45623
19228
8377
20801
28176
26519
47400
19335
20663
47449
47181
28520
25304
45314
24711
19546
61210
5619
48064
61266
50083
16508
58851
54176
14244
52915
28327
62463
35085
47842
26294
58902
26191
45698
45685
39173
25411
61407
53282
28684
36824
3663
17182
18422
8418
1603
8834
42479
57288
58140
59478
9183
750
52557
4275
55072
55054
42954
36733
15560
50982
64657
51177
24833
28163
2426
56761
55122
24352
61555
48146
28312
48629
58764
36057
46803
57331
32101
3092
46906
32654
18585
53488
673
13162
51288
28784
31995
15545
38381
6100
4434
30957
44828
44566
41464
36309
7007
44771
7987
53671
12180
13934
51624
7005
15765
16071
46910
34977
26872
62695
8646
26189
6397
38933
24640
9406
18069
18832
40076
35568
60453
65263
61966
63472
40895
55180
7236
19177
57373
65322
53479
11256
40161
7521
20085
44174
52262
54656
12133
8851
32228
50296
47914
26353
25040
42455
25001
15343
29275
13386
56079
9019
51002
2483
16021
48049
4137
15640
56697
21790
1341
64841
34371
37385
6544
40221
9600
3471
55180
54478
18193
17283
45015
47777
27592
46098
23840
44802
17648
1940
50185
11354
57512
1080
57228
52495
30915
31516
37736
37124
41144
1575
26619
21287
55312
61795
16795
50718
19468
64077
8430
14493
46911
33586
11965
50467
38544
22920
37914
39237
17199
30998
31680
19918
13917
7286
44002
11620
49376
37638
19420
2858
43762
30120
84
26757
31859
64733
46580
4213
63142
3055
24484
41700
37575
29794
1322
25135
35266
35591
45715
48218
2924
17126
56338
48848
19743
4687
21819
56054
2749
12705
2606
503
61479
41550
48414
17057
15947
36177
26551
19479
23714
11062
52618
50826
2044
41684
55252
36851
30897
18362
35748
50
22137
56249
42416
18031
11720
193
64417
19279
35800
50937
52538
53369
426
12262
53524
33000
19862
